0.0e0 0.0e0 0.0e0 0.0e0 5.0e30 sun.gif
1.6666666666666667e9 0.0e0 0.0e0 -20000.0e0 2.0e10 pluto.gif
-1.6666666666666667e9 0.0e0 0.0e0 20000.0e0 2.0e10 pluto.gif
0.0e0 1.6666666666666667e9 20000.0e0 0.0e0 2.0e10 pluto.gif
0.0e0 -1.6666666666666667e9 -20000.0e0 0.0e0 2.0e10 pluto.gif
3.3333333333333335e9 0.0e0 0.0e0 -20000.0e0 2.0e10 pluto.gif
-3.3333333333333335e9 0.0e0 0.0e0 20000.0e0 2.0e10 pluto.gif
0.0e0 3.3333333333333335e9 20000.0e0 0.0e0 2.0e10 pluto.gif
0.0e0 -3.3333333333333335e9 -20000.0e0 0.0e0 2.0e10 pluto.gif
5.0e9 0.0e0 0.0e0 -20000.0e0 2.0e10 pluto.gif
-5.0e9 0.0e0 0.0e0 20000.0e0 2.0e10 pluto.gif
0.0e0 5.0e9 20000.0e0 0.0e0 2.0e10 pluto.gif
0.0e0 -5.0e9 -20000.0e0 0.0e0 2.0e10 pluto.gif
6.666666666666667e9 0.0e0 0.0e0 -20000.0e0 2.0e10 pluto.gif
-6.666666666666667e9 0.0e0 0.0e0 20000.0e0 2.0e10 pluto.gif
0.0e0 6.666666666666667e9 20000.0e0 0.0e0 2.0e10 pluto.gif
0.0e0 -6.666666666666667e9 -20000.0e0 0.0e0 2.0e10 pluto.gif
8.333333333333333e9 0.0e0 0.0e0 -20000.0e0 2.0e10 pluto.gif
-8.333333333333333e9 0.0e0 0.0e0 20000.0e0 2.0e10 pluto.gif
0.0e0 8.333333333333333e9 20000.0e0 0.0e0 2.0e10 pluto.gif
0.0e0 -8.333333333333333e9 -20000.0e0 0.0e0 2.0e10 pluto.gif
1.0e10 0.0e0 0.0e0 -20000.0e0 2.0e10 pluto.gif
-1.0e10 0.0e0 0.0e0 20000.0e0 2.0e10 pluto.gif
0.0e0 1.0e10 20000.0e0 0.0e0 2.0e10 pluto.gif
0.0e0 -1.0e10 -20000.0e0 0.0e0 2.0e10 pluto.gif
1.1666666666666668e10 0.0e0 0.0e0 -20000.0e0 2.0e10 pluto.gif
-1.1666666666666668e10 0.0e0 0.0e0 20000.0e0 2.0e10 pluto.gif
0.0e0 1.1666666666666668e10 20000.0e0 0.0e0 2.0e10 pluto.gif
0.0e0 -1.1666666666666668e10 -20000.0e0 0.0e0 2.0e10 pluto.gif
1.3333333333333334e10 0.0e0 0.0e0 -20000.0e0 2.0e10 pluto.gif
-1.3333333333333334e10 0.0e0 0.0e0 20000.0e0 2.0e10 pluto.gif
0.0e0 1.3333333333333334e10 20000.0e0 0.0e0 2.0e10 pluto.gif
0.0e0 -1.3333333333333334e10 -20000.0e0 0.0e0 2.0e10 pluto.gif
1.5e10 0.0e0 0.0e0 -20000.0e0 2.0e10 pluto.gif
-1.5e10 0.0e0 0.0e0 20000.0e0 2.0e10 pluto.gif
0.0e0 1.5e10 20000.0e0 0.0e0 2.0e10 pluto.gif
0.0e0 -1.5e10 -20000.0e0 0.0e0 2.0e10 pluto.gif
1.6666666666666666e10 0.0e0 0.0e0 -20000.0e0 2.0e10 pluto.gif
-1.6666666666666666e10 0.0e0 0.0e0 20000.0e0 2.0e10 pluto.gif
0.0e0 1.6666666666666666e10 20000.0e0 0.0e0 2.0e10 pluto.gif
0.0e0 -1.6666666666666666e10 -20000.0e0 0.0e0 2.0e10 pluto.gif
1.8333333333333332e10 0.0e0 0.0e0 -20000.0e0 2.0e10 pluto.gif
-1.8333333333333332e10 0.0e0 0.0e0 20000.0e0 2.0e10 pluto.gif
0.0e0 1.8333333333333332e10 20000.0e0 0.0e0 2.0e10 pluto.gif
0.0e0 -1.8333333333333332e10 -20000.0e0 0.0e0 2.0e10 pluto.gif
2.0e10 0.0e0 0.0e0 -20000.0e0 2.0e10 pluto.gif
-2.0e10 0.0e0 0.0e0 20000.0e0 2.0e10 pluto.gif
0.0e0 2.0e10 20000.0e0 0.0e0 2.0e10 pluto.gif
0.0e0 -2.0e10 -20000.0e0 0.0e0 2.0e10 pluto.gif
2.1666666666666668e10 0.0e0 0.0e0 -20000.0e0 2.0e10 pluto.gif
-2.1666666666666668e10 0.0e0 0.0e0 20000.0e0 2.0e10 pluto.gif
0.0e0 2.1666666666666668e10 20000.0e0 0.0e0 2.0e10 pluto.gif
0.0e0 -2.1666666666666668e10 -20000.0e0 0.0e0 2.0e10 pluto.gif
2.3333333333333336e10 0.0e0 0.0e0 -20000.0e0 2.0e10 pluto.gif
-2.3333333333333336e10 0.0e0 0.0e0 20000.0e0 2.0e10 pluto.gif
0.0e0 2.3333333333333336e10 20000.0e0 0.0e0 2.0e10 pluto.gif
0.0e0 -2.3333333333333336e10 -20000.0e0 0.0e0 2.0e10 pluto.gif
2.5e10 0.0e0 0.0e0 -20000.0e0 2.0e10 pluto.gif
-2.5e10 0.0e0 0.0e0 20000.0e0 2.0e10 pluto.gif
0.0e0 2.5e10 20000.0e0 0.0e0 2.0e10 pluto.gif
0.0e0 -2.5e10 -20000.0e0 0.0e0 2.0e10 pluto.gif
2.6666666666666668e10 0.0e0 0.0e0 -20000.0e0 2.0e10 pluto.gif
-2.6666666666666668e10 0.0e0 0.0e0 20000.0e0 2.0e10 pluto.gif
0.0e0 2.6666666666666668e10 20000.0e0 0.0e0 2.0e10 pluto.gif
0.0e0 -2.6666666666666668e10 -20000.0e0 0.0e0 2.0e10 pluto.gif
2.8333333333333332e10 0.0e0 0.0e0 -20000.0e0 2.0e10 pluto.gif
-2.8333333333333332e10 0.0e0 0.0e0 20000.0e0 2.0e10 pluto.gif
0.0e0 2.8333333333333332e10 20000.0e0 0.0e0 2.0e10 pluto.gif
0.0e0 -2.8333333333333332e10 -20000.0e0 0.0e0 2.0e10 pluto.gif
3.0e10 0.0e0 0.0e0 -20000.0e0 2.0e10 pluto.gif
-3.0e10 0.0e0 0.0e0 20000.0e0 2.0e10 pluto.gif
0.0e0 3.0e10 20000.0e0 0.0e0 2.0e10 pluto.gif
0.0e0 -3.0e10 -20000.0e0 0.0e0 2.0e10 pluto.gif
3.1666666666666668e10 0.0e0 0.0e0 -20000.0e0 2.0e10 pluto.gif
-3.1666666666666668e10 0.0e0 0.0e0 20000.0e0 2.0e10 pluto.gif
0.0e0 3.1666666666666668e10 20000.0e0 0.0e0 2.0e10 pluto.gif
0.0e0 -3.1666666666666668e10 -20000.0e0 0.0e0 2.0e10 pluto.gif
3.3333333333333332e10 0.0e0 0.0e0 -20000.0e0 2.0e10 pluto.gif
-3.3333333333333332e10 0.0e0 0.0e0 20000.0e0 2.0e10 pluto.gif
0.0e0 3.3333333333333332e10 20000.0e0 0.0e0 2.0e10 pluto.gif
0.0e0 -3.3333333333333332e10 -20000.0e0 0.0e0 2.0e10 pluto.gif
3.5e10 0.0e0 0.0e0 -20000.0e0 2.0e10 pluto.gif
-3.5e10 0.0e0 0.0e0 20000.0e0 2.0e10 pluto.gif
0.0e0 3.5e10 20000.0e0 0.0e0 2.0e10 pluto.gif
0.0e0 -3.5e10 -20000.0e0 0.0e0 2.0e10 pluto.gif
3.6666666666666664e10 0.0e0 0.0e0 -20000.0e0 2.0e10 pluto.gif
-3.6666666666666664e10 0.0e0 0.0e0 20000.0e0 2.0e10 pluto.gif
0.0e0 3.6666666666666664e10 20000.0e0 0.0e0 2.0e10 pluto.gif
0.0e0 -3.6666666666666664e10 -20000.0e0 0.0e0 2.0e10 pluto.gif
3.833333333333333e10 0.0e0 0.0e0 -20000.0e0 2.0e10 pluto.gif
-3.833333333333333e10 0.0e0 0.0e0 20000.0e0 2.0e10 pluto.gif
0.0e0 3.833333333333333e10 20000.0e0 0.0e0 2.0e10 pluto.gif
0.0e0 -3.833333333333333e10 -20000.0e0 0.0e0 2.0e10 pluto.gif
4.0e10 0.0e0 0.0e0 -20000.0e0 2.0e10 pluto.gif
-4.0e10 0.0e0 0.0e0 20000.0e0 2.0e10 pluto.gif
0.0e0 4.0e10 20000.0e0 0.0e0 2.0e10 pluto.gif
0.0e0 -4.0e10 -20000.0e0 0.0e0 2.0e10 pluto.gif
4.1666666666666664e10 0.0e0 0.0e0 -20000.0e0 2.0e10 pluto.gif
-4.1666666666666664e10 0.0e0 0.0e0 20000.0e0 2.0e10 pluto.gif
0.0e0 4.1666666666666664e10 20000.0e0 0.0e0 2.0e10 pluto.gif
0.0e0 -4.1666666666666664e10 -20000.0e0 0.0e0 2.0e10 pluto.gif
4.3333333333333336e10 0.0e0 0.0e0 -20000.0e0 2.0e10 pluto.gif
-4.3333333333333336e10 0.0e0 0.0e0 20000.0e0 2.0e10 pluto.gif
0.0e0 4.3333333333333336e10 20000.0e0 0.0e0 2.0e10 pluto.gif
0.0e0 -4.3333333333333336e10 -20000.0e0 0.0e0 2.0e10 pluto.gif
4.5e10 0.0e0 0.0e0 -20000.0e0 2.0e10 pluto.gif
-4.5e10 0.0e0 0.0e0 20000.0e0 2.0e10 pluto.gif
0.0e0 4.5e10 20000.0e0 0.0e0 2.0e10 pluto.gif
0.0e0 -4.5e10 -20000.0e0 0.0e0 2.0e10 pluto.gif
4.666666666666667e10 0.0e0 0.0e0 -20000.0e0 2.0e10 pluto.gif
-4.666666666666667e10 0.0e0 0.0e0 20000.0e0 2.0e10 pluto.gif
0.0e0 4.666666666666667e10 20000.0e0 0.0e0 2.0e10 pluto.gif
0.0e0 -4.666666666666667e10 -20000.0e0 0.0e0 2.0e10 pluto.gif
4.8333333333333336e10 0.0e0 0.0e0 -20000.0e0 2.0e10 pluto.gif
-4.8333333333333336e10 0.0e0 0.0e0 20000.0e0 2.0e10 pluto.gif
0.0e0 4.8333333333333336e10 20000.0e0 0.0e0 2.0e10 pluto.gif
0.0e0 -4.8333333333333336e10 -20000.0e0 0.0e0 2.0e10 pluto.gif
5.0e10 0.0e0 0.0e0 -20000.0e0 2.0e10 pluto.gif
-5.0e10 0.0e0 0.0e0 20000.0e0 2.0e10 pluto.gif
0.0e0 5.0e10 20000.0e0 0.0e0 2.0e10 pluto.gif
0.0e0 -5.0e10 -20000.0e0 0.0e0 2.0e10 pluto.gif
5.1666666666666664e10 0.0e0 0.0e0 -20000.0e0 2.0e10 pluto.gif
-5.1666666666666664e10 0.0e0 0.0e0 20000.0e0 2.0e10 pluto.gif
0.0e0 5.1666666666666664e10 20000.0e0 0.0e0 2.0e10 pluto.gif
0.0e0 -5.1666666666666664e10 -20000.0e0 0.0e0 2.0e10 pluto.gif
5.3333333333333336e10 0.0e0 0.0e0 -20000.0e0 2.0e10 pluto.gif
-5.3333333333333336e10 0.0e0 0.0e0 20000.0e0 2.0e10 pluto.gif
0.0e0 5.3333333333333336e10 20000.0e0 0.0e0 2.0e10 pluto.gif
0.0e0 -5.3333333333333336e10 -20000.0e0 0.0e0 2.0e10 pluto.gif
5.5e10 0.0e0 0.0e0 -20000.0e0 2.0e10 pluto.gif
-5.5e10 0.0e0 0.0e0 20000.0e0 2.0e10 pluto.gif
0.0e0 5.5e10 20000.0e0 0.0e0 2.0e10 pluto.gif
0.0e0 -5.5e10 -20000.0e0 0.0e0 2.0e10 pluto.gif
5.6666666666666664e10 0.0e0 0.0e0 -20000.0e0 2.0e10 pluto.gif
-5.6666666666666664e10 0.0e0 0.0e0 20000.0e0 2.0e10 pluto.gif
0.0e0 5.6666666666666664e10 20000.0e0 0.0e0 2.0e10 pluto.gif
0.0e0 -5.6666666666666664e10 -20000.0e0 0.0e0 2.0e10 pluto.gif
5.8333333333333336e10 0.0e0 0.0e0 -20000.0e0 2.0e10 pluto.gif
-5.8333333333333336e10 0.0e0 0.0e0 20000.0e0 2.0e10 pluto.gif
0.0e0 5.8333333333333336e10 20000.0e0 0.0e0 2.0e10 pluto.gif
0.0e0 -5.8333333333333336e10 -20000.0e0 0.0e0 2.0e10 pluto.gif
6.0e10 0.0e0 0.0e0 -20000.0e0 2.0e10 pluto.gif
-6.0e10 0.0e0 0.0e0 20000.0e0 2.0e10 pluto.gif
0.0e0 6.0e10 20000.0e0 0.0e0 2.0e10 pluto.gif
0.0e0 -6.0e10 -20000.0e0 0.0e0 2.0e10 pluto.gif
6.166666666666667e10 0.0e0 0.0e0 -20000.0e0 2.0e10 pluto.gif
-6.166666666666667e10 0.0e0 0.0e0 20000.0e0 2.0e10 pluto.gif
0.0e0 6.166666666666667e10 20000.0e0 0.0e0 2.0e10 pluto.gif
0.0e0 -6.166666666666667e10 -20000.0e0 0.0e0 2.0e10 pluto.gif
6.3333333333333336e10 0.0e0 0.0e0 -20000.0e0 2.0e10 pluto.gif
-6.3333333333333336e10 0.0e0 0.0e0 20000.0e0 2.0e10 pluto.gif
0.0e0 6.3333333333333336e10 20000.0e0 0.0e0 2.0e10 pluto.gif
0.0e0 -6.3333333333333336e10 -20000.0e0 0.0e0 2.0e10 pluto.gif
6.5e10 0.0e0 0.0e0 -20000.0e0 2.0e10 pluto.gif
-6.5e10 0.0e0 0.0e0 20000.0e0 2.0e10 pluto.gif
0.0e0 6.5e10 20000.0e0 0.0e0 2.0e10 pluto.gif
0.0e0 -6.5e10 -20000.0e0 0.0e0 2.0e10 pluto.gif
6.6666666666666664e10 0.0e0 0.0e0 -20000.0e0 2.0e10 pluto.gif
-6.6666666666666664e10 0.0e0 0.0e0 20000.0e0 2.0e10 pluto.gif
0.0e0 6.6666666666666664e10 20000.0e0 0.0e0 2.0e10 pluto.gif
0.0e0 -6.6666666666666664e10 -20000.0e0 0.0e0 2.0e10 pluto.gif
6.833333333333333e10 0.0e0 0.0e0 -20000.0e0 2.0e10 pluto.gif
-6.833333333333333e10 0.0e0 0.0e0 20000.0e0 2.0e10 pluto.gif
0.0e0 6.833333333333333e10 20000.0e0 0.0e0 2.0e10 pluto.gif
0.0e0 -6.833333333333333e10 -20000.0e0 0.0e0 2.0e10 pluto.gif
7.0e10 0.0e0 0.0e0 -20000.0e0 2.0e10 pluto.gif
-7.0e10 0.0e0 0.0e0 20000.0e0 2.0e10 pluto.gif
0.0e0 7.0e10 20000.0e0 0.0e0 2.0e10 pluto.gif
0.0e0 -7.0e10 -20000.0e0 0.0e0 2.0e10 pluto.gif
7.166666666666667e10 0.0e0 0.0e0 -20000.0e0 2.0e10 pluto.gif
-7.166666666666667e10 0.0e0 0.0e0 20000.0e0 2.0e10 pluto.gif
0.0e0 7.166666666666667e10 20000.0e0 0.0e0 2.0e10 pluto.gif
0.0e0 -7.166666666666667e10 -20000.0e0 0.0e0 2.0e10 pluto.gif
7.333333333333333e10 0.0e0 0.0e0 -20000.0e0 2.0e10 pluto.gif
-7.333333333333333e10 0.0e0 0.0e0 20000.0e0 2.0e10 pluto.gif
0.0e0 7.333333333333333e10 20000.0e0 0.0e0 2.0e10 pluto.gif
0.0e0 -7.333333333333333e10 -20000.0e0 0.0e0 2.0e10 pluto.gif
7.5e10 0.0e0 0.0e0 -20000.0e0 2.0e10 pluto.gif
-7.5e10 0.0e0 0.0e0 20000.0e0 2.0e10 pluto.gif
0.0e0 7.5e10 20000.0e0 0.0e0 2.0e10 pluto.gif
0.0e0 -7.5e10 -20000.0e0 0.0e0 2.0e10 pluto.gif
7.666666666666666e10 0.0e0 0.0e0 -20000.0e0 2.0e10 pluto.gif
-7.666666666666666e10 0.0e0 0.0e0 20000.0e0 2.0e10 pluto.gif
0.0e0 7.666666666666666e10 20000.0e0 0.0e0 2.0e10 pluto.gif
0.0e0 -7.666666666666666e10 -20000.0e0 0.0e0 2.0e10 pluto.gif
7.833333333333334e10 0.0e0 0.0e0 -20000.0e0 2.0e10 pluto.gif
-7.833333333333334e10 0.0e0 0.0e0 20000.0e0 2.0e10 pluto.gif
0.0e0 7.833333333333334e10 20000.0e0 0.0e0 2.0e10 pluto.gif
0.0e0 -7.833333333333334e10 -20000.0e0 0.0e0 2.0e10 pluto.gif
8.0e10 0.0e0 0.0e0 -20000.0e0 2.0e10 pluto.gif
-8.0e10 0.0e0 0.0e0 20000.0e0 2.0e10 pluto.gif
0.0e0 8.0e10 20000.0e0 0.0e0 2.0e10 pluto.gif
0.0e0 -8.0e10 -20000.0e0 0.0e0 2.0e10 pluto.gif
8.166666666666667e10 0.0e0 0.0e0 -20000.0e0 2.0e10 pluto.gif
-8.166666666666667e10 0.0e0 0.0e0 20000.0e0 2.0e10 pluto.gif
0.0e0 8.166666666666667e10 20000.0e0 0.0e0 2.0e10 pluto.gif
0.0e0 -8.166666666666667e10 -20000.0e0 0.0e0 2.0e10 pluto.gif
8.333333333333333e10 0.0e0 0.0e0 -20000.0e0 2.0e10 pluto.gif
-8.333333333333333e10 0.0e0 0.0e0 20000.0e0 2.0e10 pluto.gif
0.0e0 8.333333333333333e10 20000.0e0 0.0e0 2.0e10 pluto.gif
0.0e0 -8.333333333333333e10 -20000.0e0 0.0e0 2.0e10 pluto.gif
8.5e10 0.0e0 0.0e0 -20000.0e0 2.0e10 pluto.gif
-8.5e10 0.0e0 0.0e0 20000.0e0 2.0e10 pluto.gif
0.0e0 8.5e10 20000.0e0 0.0e0 2.0e10 pluto.gif
0.0e0 -8.5e10 -20000.0e0 0.0e0 2.0e10 pluto.gif
8.666666666666667e10 0.0e0 0.0e0 -20000.0e0 2.0e10 pluto.gif
-8.666666666666667e10 0.0e0 0.0e0 20000.0e0 2.0e10 pluto.gif
0.0e0 8.666666666666667e10 20000.0e0 0.0e0 2.0e10 pluto.gif
0.0e0 -8.666666666666667e10 -20000.0e0 0.0e0 2.0e10 pluto.gif
8.833333333333333e10 0.0e0 0.0e0 -20000.0e0 2.0e10 pluto.gif
-8.833333333333333e10 0.0e0 0.0e0 20000.0e0 2.0e10 pluto.gif
0.0e0 8.833333333333333e10 20000.0e0 0.0e0 2.0e10 pluto.gif
0.0e0 -8.833333333333333e10 -20000.0e0 0.0e0 2.0e10 pluto.gif
9.0e10 0.0e0 0.0e0 -20000.0e0 2.0e10 pluto.gif
-9.0e10 0.0e0 0.0e0 20000.0e0 2.0e10 pluto.gif
0.0e0 9.0e10 20000.0e0 0.0e0 2.0e10 pluto.gif
0.0e0 -9.0e10 -20000.0e0 0.0e0 2.0e10 pluto.gif
9.166666666666666e10 0.0e0 0.0e0 -20000.0e0 2.0e10 pluto.gif
-9.166666666666666e10 0.0e0 0.0e0 20000.0e0 2.0e10 pluto.gif
0.0e0 9.166666666666666e10 20000.0e0 0.0e0 2.0e10 pluto.gif
0.0e0 -9.166666666666666e10 -20000.0e0 0.0e0 2.0e10 pluto.gif
9.333333333333334e10 0.0e0 0.0e0 -20000.0e0 2.0e10 pluto.gif
-9.333333333333334e10 0.0e0 0.0e0 20000.0e0 2.0e10 pluto.gif
0.0e0 9.333333333333334e10 20000.0e0 0.0e0 2.0e10 pluto.gif
0.0e0 -9.333333333333334e10 -20000.0e0 0.0e0 2.0e10 pluto.gif
9.5e10 0.0e0 0.0e0 -20000.0e0 2.0e10 pluto.gif
-9.5e10 0.0e0 0.0e0 20000.0e0 2.0e10 pluto.gif
0.0e0 9.5e10 20000.0e0 0.0e0 2.0e10 pluto.gif
0.0e0 -9.5e10 -20000.0e0 0.0e0 2.0e10 pluto.gif
9.666666666666667e10 0.0e0 0.0e0 -20000.0e0 2.0e10 pluto.gif
-9.666666666666667e10 0.0e0 0.0e0 20000.0e0 2.0e10 pluto.gif
0.0e0 9.666666666666667e10 20000.0e0 0.0e0 2.0e10 pluto.gif
0.0e0 -9.666666666666667e10 -20000.0e0 0.0e0 2.0e10 pluto.gif
9.833333333333333e10 0.0e0 0.0e0 -20000.0e0 2.0e10 pluto.gif
-9.833333333333333e10 0.0e0 0.0e0 20000.0e0 2.0e10 pluto.gif
0.0e0 9.833333333333333e10 20000.0e0 0.0e0 2.0e10 pluto.gif
0.0e0 -9.833333333333333e10 -20000.0e0 0.0e0 2.0e10 pluto.gif
1.0e11 0.0e0 0.0e0 -20000.0e0 2.0e10 pluto.gif
-1.0e11 0.0e0 0.0e0 20000.0e0 2.0e10 pluto.gif
0.0e0 1.0e11 20000.0e0 0.0e0 2.0e10 pluto.gif
0.0e0 -1.0e11 -20000.0e0 0.0e0 2.0e10 pluto.gif
1.0166666666666667e11 0.0e0 0.0e0 -20000.0e0 2.0e10 pluto.gif
-1.0166666666666667e11 0.0e0 0.0e0 20000.0e0 2.0e10 pluto.gif
0.0e0 1.0166666666666667e11 20000.0e0 0.0e0 2.0e10 pluto.gif
0.0e0 -1.0166666666666667e11 -20000.0e0 0.0e0 2.0e10 pluto.gif
1.0333333333333333e11 0.0e0 0.0e0 -20000.0e0 2.0e10 pluto.gif
-1.0333333333333333e11 0.0e0 0.0e0 20000.0e0 2.0e10 pluto.gif
0.0e0 1.0333333333333333e11 20000.0e0 0.0e0 2.0e10 pluto.gif
0.0e0 -1.0333333333333333e11 -20000.0e0 0.0e0 2.0e10 pluto.gif
1.05e11 0.0e0 0.0e0 -20000.0e0 2.0e10 pluto.gif
-1.05e11 0.0e0 0.0e0 20000.0e0 2.0e10 pluto.gif
0.0e0 1.05e11 20000.0e0 0.0e0 2.0e10 pluto.gif
0.0e0 -1.05e11 -20000.0e0 0.0e0 2.0e10 pluto.gif
1.0666666666666667e11 0.0e0 0.0e0 -20000.0e0 2.0e10 pluto.gif
-1.0666666666666667e11 0.0e0 0.0e0 20000.0e0 2.0e10 pluto.gif
0.0e0 1.0666666666666667e11 20000.0e0 0.0e0 2.0e10 pluto.gif
0.0e0 -1.0666666666666667e11 -20000.0e0 0.0e0 2.0e10 pluto.gif
1.0833333333333334e11 0.0e0 0.0e0 -20000.0e0 2.0e10 pluto.gif
-1.0833333333333334e11 0.0e0 0.0e0 20000.0e0 2.0e10 pluto.gif
0.0e0 1.0833333333333334e11 20000.0e0 0.0e0 2.0e10 pluto.gif
0.0e0 -1.0833333333333334e11 -20000.0e0 0.0e0 2.0e10 pluto.gif
1.1e11 0.0e0 0.0e0 -20000.0e0 2.0e10 pluto.gif
-1.1e11 0.0e0 0.0e0 20000.0e0 2.0e10 pluto.gif
0.0e0 1.1e11 20000.0e0 0.0e0 2.0e10 pluto.gif
0.0e0 -1.1e11 -20000.0e0 0.0e0 2.0e10 pluto.gif
1.1166666666666666e11 0.0e0 0.0e0 -20000.0e0 2.0e10 pluto.gif
-1.1166666666666666e11 0.0e0 0.0e0 20000.0e0 2.0e10 pluto.gif
0.0e0 1.1166666666666666e11 20000.0e0 0.0e0 2.0e10 pluto.gif
0.0e0 -1.1166666666666666e11 -20000.0e0 0.0e0 2.0e10 pluto.gif
1.1333333333333333e11 0.0e0 0.0e0 -20000.0e0 2.0e10 pluto.gif
-1.1333333333333333e11 0.0e0 0.0e0 20000.0e0 2.0e10 pluto.gif
0.0e0 1.1333333333333333e11 20000.0e0 0.0e0 2.0e10 pluto.gif
0.0e0 -1.1333333333333333e11 -20000.0e0 0.0e0 2.0e10 pluto.gif
1.15e11 0.0e0 0.0e0 -20000.0e0 2.0e10 pluto.gif
-1.15e11 0.0e0 0.0e0 20000.0e0 2.0e10 pluto.gif
0.0e0 1.15e11 20000.0e0 0.0e0 2.0e10 pluto.gif
0.0e0 -1.15e11 -20000.0e0 0.0e0 2.0e10 pluto.gif
1.1666666666666667e11 0.0e0 0.0e0 -20000.0e0 2.0e10 pluto.gif
-1.1666666666666667e11 0.0e0 0.0e0 20000.0e0 2.0e10 pluto.gif
0.0e0 1.1666666666666667e11 20000.0e0 0.0e0 2.0e10 pluto.gif
0.0e0 -1.1666666666666667e11 -20000.0e0 0.0e0 2.0e10 pluto.gif
1.1833333333333333e11 0.0e0 0.0e0 -20000.0e0 2.0e10 pluto.gif
-1.1833333333333333e11 0.0e0 0.0e0 20000.0e0 2.0e10 pluto.gif
0.0e0 1.1833333333333333e11 20000.0e0 0.0e0 2.0e10 pluto.gif
0.0e0 -1.1833333333333333e11 -20000.0e0 0.0e0 2.0e10 pluto.gif
1.2e11 0.0e0 0.0e0 -20000.0e0 2.0e10 pluto.gif
-1.2e11 0.0e0 0.0e0 20000.0e0 2.0e10 pluto.gif
0.0e0 1.2e11 20000.0e0 0.0e0 2.0e10 pluto.gif
0.0e0 -1.2e11 -20000.0e0 0.0e0 2.0e10 pluto.gif
1.2166666666666667e11 0.0e0 0.0e0 -20000.0e0 2.0e10 pluto.gif
-1.2166666666666667e11 0.0e0 0.0e0 20000.0e0 2.0e10 pluto.gif
0.0e0 1.2166666666666667e11 20000.0e0 0.0e0 2.0e10 pluto.gif
0.0e0 -1.2166666666666667e11 -20000.0e0 0.0e0 2.0e10 pluto.gif
1.2333333333333334e11 0.0e0 0.0e0 -20000.0e0 2.0e10 pluto.gif
-1.2333333333333334e11 0.0e0 0.0e0 20000.0e0 2.0e10 pluto.gif
0.0e0 1.2333333333333334e11 20000.0e0 0.0e0 2.0e10 pluto.gif
0.0e0 -1.2333333333333334e11 -20000.0e0 0.0e0 2.0e10 pluto.gif
1.25e11 0.0e0 0.0e0 -20000.0e0 2.0e10 pluto.gif
-1.25e11 0.0e0 0.0e0 20000.0e0 2.0e10 pluto.gif
0.0e0 1.25e11 20000.0e0 0.0e0 2.0e10 pluto.gif
0.0e0 -1.25e11 -20000.0e0 0.0e0 2.0e10 pluto.gif
1.2666666666666667e11 0.0e0 0.0e0 -20000.0e0 2.0e10 pluto.gif
-1.2666666666666667e11 0.0e0 0.0e0 20000.0e0 2.0e10 pluto.gif
0.0e0 1.2666666666666667e11 20000.0e0 0.0e0 2.0e10 pluto.gif
0.0e0 -1.2666666666666667e11 -20000.0e0 0.0e0 2.0e10 pluto.gif
1.2833333333333333e11 0.0e0 0.0e0 -20000.0e0 2.0e10 pluto.gif
-1.2833333333333333e11 0.0e0 0.0e0 20000.0e0 2.0e10 pluto.gif
0.0e0 1.2833333333333333e11 20000.0e0 0.0e0 2.0e10 pluto.gif
0.0e0 -1.2833333333333333e11 -20000.0e0 0.0e0 2.0e10 pluto.gif
1.3e11 0.0e0 0.0e0 -20000.0e0 2.0e10 pluto.gif
-1.3e11 0.0e0 0.0e0 20000.0e0 2.0e10 pluto.gif
0.0e0 1.3e11 20000.0e0 0.0e0 2.0e10 pluto.gif
0.0e0 -1.3e11 -20000.0e0 0.0e0 2.0e10 pluto.gif
1.3166666666666666e11 0.0e0 0.0e0 -20000.0e0 2.0e10 pluto.gif
-1.3166666666666666e11 0.0e0 0.0e0 20000.0e0 2.0e10 pluto.gif
0.0e0 1.3166666666666666e11 20000.0e0 0.0e0 2.0e10 pluto.gif
0.0e0 -1.3166666666666666e11 -20000.0e0 0.0e0 2.0e10 pluto.gif
1.3333333333333333e11 0.0e0 0.0e0 -20000.0e0 2.0e10 pluto.gif
-1.3333333333333333e11 0.0e0 0.0e0 20000.0e0 2.0e10 pluto.gif
0.0e0 1.3333333333333333e11 20000.0e0 0.0e0 2.0e10 pluto.gif
0.0e0 -1.3333333333333333e11 -20000.0e0 0.0e0 2.0e10 pluto.gif
1.3500000000000002e11 0.0e0 0.0e0 -20000.0e0 2.0e10 pluto.gif
-1.3500000000000002e11 0.0e0 0.0e0 20000.0e0 2.0e10 pluto.gif
0.0e0 1.3500000000000002e11 20000.0e0 0.0e0 2.0e10 pluto.gif
0.0e0 -1.3500000000000002e11 -20000.0e0 0.0e0 2.0e10 pluto.gif
1.3666666666666666e11 0.0e0 0.0e0 -20000.0e0 2.0e10 pluto.gif
-1.3666666666666666e11 0.0e0 0.0e0 20000.0e0 2.0e10 pluto.gif
0.0e0 1.3666666666666666e11 20000.0e0 0.0e0 2.0e10 pluto.gif
0.0e0 -1.3666666666666666e11 -20000.0e0 0.0e0 2.0e10 pluto.gif
1.3833333333333334e11 0.0e0 0.0e0 -20000.0e0 2.0e10 pluto.gif
-1.3833333333333334e11 0.0e0 0.0e0 20000.0e0 2.0e10 pluto.gif
0.0e0 1.3833333333333334e11 20000.0e0 0.0e0 2.0e10 pluto.gif
0.0e0 -1.3833333333333334e11 -20000.0e0 0.0e0 2.0e10 pluto.gif
1.4e11 0.0e0 0.0e0 -20000.0e0 2.0e10 pluto.gif
-1.4e11 0.0e0 0.0e0 20000.0e0 2.0e10 pluto.gif
0.0e0 1.4e11 20000.0e0 0.0e0 2.0e10 pluto.gif
0.0e0 -1.4e11 -20000.0e0 0.0e0 2.0e10 pluto.gif
1.4166666666666666e11 0.0e0 0.0e0 -20000.0e0 2.0e10 pluto.gif
-1.4166666666666666e11 0.0e0 0.0e0 20000.0e0 2.0e10 pluto.gif
0.0e0 1.4166666666666666e11 20000.0e0 0.0e0 2.0e10 pluto.gif
0.0e0 -1.4166666666666666e11 -20000.0e0 0.0e0 2.0e10 pluto.gif
1.4333333333333334e11 0.0e0 0.0e0 -20000.0e0 2.0e10 pluto.gif
-1.4333333333333334e11 0.0e0 0.0e0 20000.0e0 2.0e10 pluto.gif
0.0e0 1.4333333333333334e11 20000.0e0 0.0e0 2.0e10 pluto.gif
0.0e0 -1.4333333333333334e11 -20000.0e0 0.0e0 2.0e10 pluto.gif
1.45e11 0.0e0 0.0e0 -20000.0e0 2.0e10 pluto.gif
-1.45e11 0.0e0 0.0e0 20000.0e0 2.0e10 pluto.gif
0.0e0 1.45e11 20000.0e0 0.0e0 2.0e10 pluto.gif
0.0e0 -1.45e11 -20000.0e0 0.0e0 2.0e10 pluto.gif
1.4666666666666666e11 0.0e0 0.0e0 -20000.0e0 2.0e10 pluto.gif
-1.4666666666666666e11 0.0e0 0.0e0 20000.0e0 2.0e10 pluto.gif
0.0e0 1.4666666666666666e11 20000.0e0 0.0e0 2.0e10 pluto.gif
0.0e0 -1.4666666666666666e11 -20000.0e0 0.0e0 2.0e10 pluto.gif
1.4833333333333334e11 0.0e0 0.0e0 -20000.0e0 2.0e10 pluto.gif
-1.4833333333333334e11 0.0e0 0.0e0 20000.0e0 2.0e10 pluto.gif
0.0e0 1.4833333333333334e11 20000.0e0 0.0e0 2.0e10 pluto.gif
0.0e0 -1.4833333333333334e11 -20000.0e0 0.0e0 2.0e10 pluto.gif
1.5e11 0.0e0 0.0e0 -20000.0e0 2.0e10 pluto.gif
-1.5e11 0.0e0 0.0e0 20000.0e0 2.0e10 pluto.gif
0.0e0 1.5e11 20000.0e0 0.0e0 2.0e10 pluto.gif
0.0e0 -1.5e11 -20000.0e0 0.0e0 2.0e10 pluto.gif
1.516666666666667e11 0.0e0 0.0e0 -20000.0e0 2.0e10 pluto.gif
-1.516666666666667e11 0.0e0 0.0e0 20000.0e0 2.0e10 pluto.gif
0.0e0 1.516666666666667e11 20000.0e0 0.0e0 2.0e10 pluto.gif
0.0e0 -1.516666666666667e11 -20000.0e0 0.0e0 2.0e10 pluto.gif
1.533333333333333e11 0.0e0 0.0e0 -20000.0e0 2.0e10 pluto.gif
-1.533333333333333e11 0.0e0 0.0e0 20000.0e0 2.0e10 pluto.gif
0.0e0 1.533333333333333e11 20000.0e0 0.0e0 2.0e10 pluto.gif
0.0e0 -1.533333333333333e11 -20000.0e0 0.0e0 2.0e10 pluto.gif
1.55e11 0.0e0 0.0e0 -20000.0e0 2.0e10 pluto.gif
-1.55e11 0.0e0 0.0e0 20000.0e0 2.0e10 pluto.gif
0.0e0 1.55e11 20000.0e0 0.0e0 2.0e10 pluto.gif
0.0e0 -1.55e11 -20000.0e0 0.0e0 2.0e10 pluto.gif
1.566666666666667e11 0.0e0 0.0e0 -20000.0e0 2.0e10 pluto.gif
-1.566666666666667e11 0.0e0 0.0e0 20000.0e0 2.0e10 pluto.gif
0.0e0 1.566666666666667e11 20000.0e0 0.0e0 2.0e10 pluto.gif
0.0e0 -1.566666666666667e11 -20000.0e0 0.0e0 2.0e10 pluto.gif
1.583333333333333e11 0.0e0 0.0e0 -20000.0e0 2.0e10 pluto.gif
-1.583333333333333e11 0.0e0 0.0e0 20000.0e0 2.0e10 pluto.gif
0.0e0 1.583333333333333e11 20000.0e0 0.0e0 2.0e10 pluto.gif
0.0e0 -1.583333333333333e11 -20000.0e0 0.0e0 2.0e10 pluto.gif
1.6e11 0.0e0 0.0e0 -20000.0e0 2.0e10 pluto.gif
-1.6e11 0.0e0 0.0e0 20000.0e0 2.0e10 pluto.gif
0.0e0 1.6e11 20000.0e0 0.0e0 2.0e10 pluto.gif
0.0e0 -1.6e11 -20000.0e0 0.0e0 2.0e10 pluto.gif
1.6166666666666666e11 0.0e0 0.0e0 -20000.0e0 2.0e10 pluto.gif
-1.6166666666666666e11 0.0e0 0.0e0 20000.0e0 2.0e10 pluto.gif
0.0e0 1.6166666666666666e11 20000.0e0 0.0e0 2.0e10 pluto.gif
0.0e0 -1.6166666666666666e11 -20000.0e0 0.0e0 2.0e10 pluto.gif
1.6333333333333334e11 0.0e0 0.0e0 -20000.0e0 2.0e10 pluto.gif
-1.6333333333333334e11 0.0e0 0.0e0 20000.0e0 2.0e10 pluto.gif
0.0e0 1.6333333333333334e11 20000.0e0 0.0e0 2.0e10 pluto.gif
0.0e0 -1.6333333333333334e11 -20000.0e0 0.0e0 2.0e10 pluto.gif
1.65e11 0.0e0 0.0e0 -20000.0e0 2.0e10 pluto.gif
-1.65e11 0.0e0 0.0e0 20000.0e0 2.0e10 pluto.gif
0.0e0 1.65e11 20000.0e0 0.0e0 2.0e10 pluto.gif
0.0e0 -1.65e11 -20000.0e0 0.0e0 2.0e10 pluto.gif
1.6666666666666666e11 0.0e0 0.0e0 -20000.0e0 2.0e10 pluto.gif
-1.6666666666666666e11 0.0e0 0.0e0 20000.0e0 2.0e10 pluto.gif
0.0e0 1.6666666666666666e11 20000.0e0 0.0e0 2.0e10 pluto.gif
0.0e0 -1.6666666666666666e11 -20000.0e0 0.0e0 2.0e10 pluto.gif
1.6833333333333334e11 0.0e0 0.0e0 -20000.0e0 2.0e10 pluto.gif
-1.6833333333333334e11 0.0e0 0.0e0 20000.0e0 2.0e10 pluto.gif
0.0e0 1.6833333333333334e11 20000.0e0 0.0e0 2.0e10 pluto.gif
0.0e0 -1.6833333333333334e11 -20000.0e0 0.0e0 2.0e10 pluto.gif
1.7e11 0.0e0 0.0e0 -20000.0e0 2.0e10 pluto.gif
-1.7e11 0.0e0 0.0e0 20000.0e0 2.0e10 pluto.gif
0.0e0 1.7e11 20000.0e0 0.0e0 2.0e10 pluto.gif
0.0e0 -1.7e11 -20000.0e0 0.0e0 2.0e10 pluto.gif
1.7166666666666666e11 0.0e0 0.0e0 -20000.0e0 2.0e10 pluto.gif
-1.7166666666666666e11 0.0e0 0.0e0 20000.0e0 2.0e10 pluto.gif
0.0e0 1.7166666666666666e11 20000.0e0 0.0e0 2.0e10 pluto.gif
0.0e0 -1.7166666666666666e11 -20000.0e0 0.0e0 2.0e10 pluto.gif
1.7333333333333334e11 0.0e0 0.0e0 -20000.0e0 2.0e10 pluto.gif
-1.7333333333333334e11 0.0e0 0.0e0 20000.0e0 2.0e10 pluto.gif
0.0e0 1.7333333333333334e11 20000.0e0 0.0e0 2.0e10 pluto.gif
0.0e0 -1.7333333333333334e11 -20000.0e0 0.0e0 2.0e10 pluto.gif
1.75e11 0.0e0 0.0e0 -20000.0e0 2.0e10 pluto.gif
-1.75e11 0.0e0 0.0e0 20000.0e0 2.0e10 pluto.gif
0.0e0 1.75e11 20000.0e0 0.0e0 2.0e10 pluto.gif
0.0e0 -1.75e11 -20000.0e0 0.0e0 2.0e10 pluto.gif
1.7666666666666666e11 0.0e0 0.0e0 -20000.0e0 2.0e10 pluto.gif
-1.7666666666666666e11 0.0e0 0.0e0 20000.0e0 2.0e10 pluto.gif
0.0e0 1.7666666666666666e11 20000.0e0 0.0e0 2.0e10 pluto.gif
0.0e0 -1.7666666666666666e11 -20000.0e0 0.0e0 2.0e10 pluto.gif
1.7833333333333334e11 0.0e0 0.0e0 -20000.0e0 2.0e10 pluto.gif
-1.7833333333333334e11 0.0e0 0.0e0 20000.0e0 2.0e10 pluto.gif
0.0e0 1.7833333333333334e11 20000.0e0 0.0e0 2.0e10 pluto.gif
0.0e0 -1.7833333333333334e11 -20000.0e0 0.0e0 2.0e10 pluto.gif
1.8e11 0.0e0 0.0e0 -20000.0e0 2.0e10 pluto.gif
-1.8e11 0.0e0 0.0e0 20000.0e0 2.0e10 pluto.gif
0.0e0 1.8e11 20000.0e0 0.0e0 2.0e10 pluto.gif
0.0e0 -1.8e11 -20000.0e0 0.0e0 2.0e10 pluto.gif
1.8166666666666666e11 0.0e0 0.0e0 -20000.0e0 2.0e10 pluto.gif
-1.8166666666666666e11 0.0e0 0.0e0 20000.0e0 2.0e10 pluto.gif
0.0e0 1.8166666666666666e11 20000.0e0 0.0e0 2.0e10 pluto.gif
0.0e0 -1.8166666666666666e11 -20000.0e0 0.0e0 2.0e10 pluto.gif
1.833333333333333e11 0.0e0 0.0e0 -20000.0e0 2.0e10 pluto.gif
-1.833333333333333e11 0.0e0 0.0e0 20000.0e0 2.0e10 pluto.gif
0.0e0 1.833333333333333e11 20000.0e0 0.0e0 2.0e10 pluto.gif
0.0e0 -1.833333333333333e11 -20000.0e0 0.0e0 2.0e10 pluto.gif
1.85e11 0.0e0 0.0e0 -20000.0e0 2.0e10 pluto.gif
-1.85e11 0.0e0 0.0e0 20000.0e0 2.0e10 pluto.gif
0.0e0 1.85e11 20000.0e0 0.0e0 2.0e10 pluto.gif
0.0e0 -1.85e11 -20000.0e0 0.0e0 2.0e10 pluto.gif
1.866666666666667e11 0.0e0 0.0e0 -20000.0e0 2.0e10 pluto.gif
-1.866666666666667e11 0.0e0 0.0e0 20000.0e0 2.0e10 pluto.gif
0.0e0 1.866666666666667e11 20000.0e0 0.0e0 2.0e10 pluto.gif
0.0e0 -1.866666666666667e11 -20000.0e0 0.0e0 2.0e10 pluto.gif
1.883333333333333e11 0.0e0 0.0e0 -20000.0e0 2.0e10 pluto.gif
-1.883333333333333e11 0.0e0 0.0e0 20000.0e0 2.0e10 pluto.gif
0.0e0 1.883333333333333e11 20000.0e0 0.0e0 2.0e10 pluto.gif
0.0e0 -1.883333333333333e11 -20000.0e0 0.0e0 2.0e10 pluto.gif
1.9e11 0.0e0 0.0e0 -20000.0e0 2.0e10 pluto.gif
-1.9e11 0.0e0 0.0e0 20000.0e0 2.0e10 pluto.gif
0.0e0 1.9e11 20000.0e0 0.0e0 2.0e10 pluto.gif
0.0e0 -1.9e11 -20000.0e0 0.0e0 2.0e10 pluto.gif
1.916666666666667e11 0.0e0 0.0e0 -20000.0e0 2.0e10 pluto.gif
-1.916666666666667e11 0.0e0 0.0e0 20000.0e0 2.0e10 pluto.gif
0.0e0 1.916666666666667e11 20000.0e0 0.0e0 2.0e10 pluto.gif
0.0e0 -1.916666666666667e11 -20000.0e0 0.0e0 2.0e10 pluto.gif
1.9333333333333334e11 0.0e0 0.0e0 -20000.0e0 2.0e10 pluto.gif
-1.9333333333333334e11 0.0e0 0.0e0 20000.0e0 2.0e10 pluto.gif
0.0e0 1.9333333333333334e11 20000.0e0 0.0e0 2.0e10 pluto.gif
0.0e0 -1.9333333333333334e11 -20000.0e0 0.0e0 2.0e10 pluto.gif
1.95e11 0.0e0 0.0e0 -20000.0e0 2.0e10 pluto.gif
-1.95e11 0.0e0 0.0e0 20000.0e0 2.0e10 pluto.gif
0.0e0 1.95e11 20000.0e0 0.0e0 2.0e10 pluto.gif
0.0e0 -1.95e11 -20000.0e0 0.0e0 2.0e10 pluto.gif
1.9666666666666666e11 0.0e0 0.0e0 -20000.0e0 2.0e10 pluto.gif
-1.9666666666666666e11 0.0e0 0.0e0 20000.0e0 2.0e10 pluto.gif
0.0e0 1.9666666666666666e11 20000.0e0 0.0e0 2.0e10 pluto.gif
0.0e0 -1.9666666666666666e11 -20000.0e0 0.0e0 2.0e10 pluto.gif
1.9833333333333334e11 0.0e0 0.0e0 -20000.0e0 2.0e10 pluto.gif
-1.9833333333333334e11 0.0e0 0.0e0 20000.0e0 2.0e10 pluto.gif
0.0e0 1.9833333333333334e11 20000.0e0 0.0e0 2.0e10 pluto.gif
0.0e0 -1.9833333333333334e11 -20000.0e0 0.0e0 2.0e10 pluto.gif
2.0e11 0.0e0 0.0e0 -20000.0e0 2.0e10 pluto.gif
-2.0e11 0.0e0 0.0e0 20000.0e0 2.0e10 pluto.gif
0.0e0 2.0e11 20000.0e0 0.0e0 2.0e10 pluto.gif
0.0e0 -2.0e11 -20000.0e0 0.0e0 2.0e10 pluto.gif
2.0166666666666666e11 0.0e0 0.0e0 -20000.0e0 2.0e10 pluto.gif
-2.0166666666666666e11 0.0e0 0.0e0 20000.0e0 2.0e10 pluto.gif
0.0e0 2.0166666666666666e11 20000.0e0 0.0e0 2.0e10 pluto.gif
0.0e0 -2.0166666666666666e11 -20000.0e0 0.0e0 2.0e10 pluto.gif
2.0333333333333334e11 0.0e0 0.0e0 -20000.0e0 2.0e10 pluto.gif
-2.0333333333333334e11 0.0e0 0.0e0 20000.0e0 2.0e10 pluto.gif
0.0e0 2.0333333333333334e11 20000.0e0 0.0e0 2.0e10 pluto.gif
0.0e0 -2.0333333333333334e11 -20000.0e0 0.0e0 2.0e10 pluto.gif
2.05e11 0.0e0 0.0e0 -20000.0e0 2.0e10 pluto.gif
-2.05e11 0.0e0 0.0e0 20000.0e0 2.0e10 pluto.gif
0.0e0 2.05e11 20000.0e0 0.0e0 2.0e10 pluto.gif
0.0e0 -2.05e11 -20000.0e0 0.0e0 2.0e10 pluto.gif
2.0666666666666666e11 0.0e0 0.0e0 -20000.0e0 2.0e10 pluto.gif
-2.0666666666666666e11 0.0e0 0.0e0 20000.0e0 2.0e10 pluto.gif
0.0e0 2.0666666666666666e11 20000.0e0 0.0e0 2.0e10 pluto.gif
0.0e0 -2.0666666666666666e11 -20000.0e0 0.0e0 2.0e10 pluto.gif
2.0833333333333334e11 0.0e0 0.0e0 -20000.0e0 2.0e10 pluto.gif
-2.0833333333333334e11 0.0e0 0.0e0 20000.0e0 2.0e10 pluto.gif
0.0e0 2.0833333333333334e11 20000.0e0 0.0e0 2.0e10 pluto.gif
0.0e0 -2.0833333333333334e11 -20000.0e0 0.0e0 2.0e10 pluto.gif
2.1e11 0.0e0 0.0e0 -20000.0e0 2.0e10 pluto.gif
-2.1e11 0.0e0 0.0e0 20000.0e0 2.0e10 pluto.gif
0.0e0 2.1e11 20000.0e0 0.0e0 2.0e10 pluto.gif
0.0e0 -2.1e11 -20000.0e0 0.0e0 2.0e10 pluto.gif
2.1166666666666666e11 0.0e0 0.0e0 -20000.0e0 2.0e10 pluto.gif
-2.1166666666666666e11 0.0e0 0.0e0 20000.0e0 2.0e10 pluto.gif
0.0e0 2.1166666666666666e11 20000.0e0 0.0e0 2.0e10 pluto.gif
0.0e0 -2.1166666666666666e11 -20000.0e0 0.0e0 2.0e10 pluto.gif
2.1333333333333334e11 0.0e0 0.0e0 -20000.0e0 2.0e10 pluto.gif
-2.1333333333333334e11 0.0e0 0.0e0 20000.0e0 2.0e10 pluto.gif
0.0e0 2.1333333333333334e11 20000.0e0 0.0e0 2.0e10 pluto.gif
0.0e0 -2.1333333333333334e11 -20000.0e0 0.0e0 2.0e10 pluto.gif
2.15e11 0.0e0 0.0e0 -20000.0e0 2.0e10 pluto.gif
-2.15e11 0.0e0 0.0e0 20000.0e0 2.0e10 pluto.gif
0.0e0 2.15e11 20000.0e0 0.0e0 2.0e10 pluto.gif
0.0e0 -2.15e11 -20000.0e0 0.0e0 2.0e10 pluto.gif
2.166666666666667e11 0.0e0 0.0e0 -20000.0e0 2.0e10 pluto.gif
-2.166666666666667e11 0.0e0 0.0e0 20000.0e0 2.0e10 pluto.gif
0.0e0 2.166666666666667e11 20000.0e0 0.0e0 2.0e10 pluto.gif
0.0e0 -2.166666666666667e11 -20000.0e0 0.0e0 2.0e10 pluto.gif
2.183333333333333e11 0.0e0 0.0e0 -20000.0e0 2.0e10 pluto.gif
-2.183333333333333e11 0.0e0 0.0e0 20000.0e0 2.0e10 pluto.gif
0.0e0 2.183333333333333e11 20000.0e0 0.0e0 2.0e10 pluto.gif
0.0e0 -2.183333333333333e11 -20000.0e0 0.0e0 2.0e10 pluto.gif
2.2e11 0.0e0 0.0e0 -20000.0e0 2.0e10 pluto.gif
-2.2e11 0.0e0 0.0e0 20000.0e0 2.0e10 pluto.gif
0.0e0 2.2e11 20000.0e0 0.0e0 2.0e10 pluto.gif
0.0e0 -2.2e11 -20000.0e0 0.0e0 2.0e10 pluto.gif
2.216666666666667e11 0.0e0 0.0e0 -20000.0e0 2.0e10 pluto.gif
-2.216666666666667e11 0.0e0 0.0e0 20000.0e0 2.0e10 pluto.gif
0.0e0 2.216666666666667e11 20000.0e0 0.0e0 2.0e10 pluto.gif
0.0e0 -2.216666666666667e11 -20000.0e0 0.0e0 2.0e10 pluto.gif
2.233333333333333e11 0.0e0 0.0e0 -20000.0e0 2.0e10 pluto.gif
-2.233333333333333e11 0.0e0 0.0e0 20000.0e0 2.0e10 pluto.gif
0.0e0 2.233333333333333e11 20000.0e0 0.0e0 2.0e10 pluto.gif
0.0e0 -2.233333333333333e11 -20000.0e0 0.0e0 2.0e10 pluto.gif
2.25e11 0.0e0 0.0e0 -20000.0e0 2.0e10 pluto.gif
-2.25e11 0.0e0 0.0e0 20000.0e0 2.0e10 pluto.gif
0.0e0 2.25e11 20000.0e0 0.0e0 2.0e10 pluto.gif
0.0e0 -2.25e11 -20000.0e0 0.0e0 2.0e10 pluto.gif
2.2666666666666666e11 0.0e0 0.0e0 -20000.0e0 2.0e10 pluto.gif
-2.2666666666666666e11 0.0e0 0.0e0 20000.0e0 2.0e10 pluto.gif
0.0e0 2.2666666666666666e11 20000.0e0 0.0e0 2.0e10 pluto.gif
0.0e0 -2.2666666666666666e11 -20000.0e0 0.0e0 2.0e10 pluto.gif
2.2833333333333334e11 0.0e0 0.0e0 -20000.0e0 2.0e10 pluto.gif
-2.2833333333333334e11 0.0e0 0.0e0 20000.0e0 2.0e10 pluto.gif
0.0e0 2.2833333333333334e11 20000.0e0 0.0e0 2.0e10 pluto.gif
0.0e0 -2.2833333333333334e11 -20000.0e0 0.0e0 2.0e10 pluto.gif
2.3e11 0.0e0 0.0e0 -20000.0e0 2.0e10 pluto.gif
-2.3e11 0.0e0 0.0e0 20000.0e0 2.0e10 pluto.gif
0.0e0 2.3e11 20000.0e0 0.0e0 2.0e10 pluto.gif
0.0e0 -2.3e11 -20000.0e0 0.0e0 2.0e10 pluto.gif
2.3166666666666666e11 0.0e0 0.0e0 -20000.0e0 2.0e10 pluto.gif
-2.3166666666666666e11 0.0e0 0.0e0 20000.0e0 2.0e10 pluto.gif
0.0e0 2.3166666666666666e11 20000.0e0 0.0e0 2.0e10 pluto.gif
0.0e0 -2.3166666666666666e11 -20000.0e0 0.0e0 2.0e10 pluto.gif
2.3333333333333334e11 0.0e0 0.0e0 -20000.0e0 2.0e10 pluto.gif
-2.3333333333333334e11 0.0e0 0.0e0 20000.0e0 2.0e10 pluto.gif
0.0e0 2.3333333333333334e11 20000.0e0 0.0e0 2.0e10 pluto.gif
0.0e0 -2.3333333333333334e11 -20000.0e0 0.0e0 2.0e10 pluto.gif
2.35e11 0.0e0 0.0e0 -20000.0e0 2.0e10 pluto.gif
-2.35e11 0.0e0 0.0e0 20000.0e0 2.0e10 pluto.gif
0.0e0 2.35e11 20000.0e0 0.0e0 2.0e10 pluto.gif
0.0e0 -2.35e11 -20000.0e0 0.0e0 2.0e10 pluto.gif
2.3666666666666666e11 0.0e0 0.0e0 -20000.0e0 2.0e10 pluto.gif
-2.3666666666666666e11 0.0e0 0.0e0 20000.0e0 2.0e10 pluto.gif
0.0e0 2.3666666666666666e11 20000.0e0 0.0e0 2.0e10 pluto.gif
0.0e0 -2.3666666666666666e11 -20000.0e0 0.0e0 2.0e10 pluto.gif
2.3833333333333334e11 0.0e0 0.0e0 -20000.0e0 2.0e10 pluto.gif
-2.3833333333333334e11 0.0e0 0.0e0 20000.0e0 2.0e10 pluto.gif
0.0e0 2.3833333333333334e11 20000.0e0 0.0e0 2.0e10 pluto.gif
0.0e0 -2.3833333333333334e11 -20000.0e0 0.0e0 2.0e10 pluto.gif
2.4e11 0.0e0 0.0e0 -20000.0e0 2.0e10 pluto.gif
-2.4e11 0.0e0 0.0e0 20000.0e0 2.0e10 pluto.gif
0.0e0 2.4e11 20000.0e0 0.0e0 2.0e10 pluto.gif
0.0e0 -2.4e11 -20000.0e0 0.0e0 2.0e10 pluto.gif
2.4166666666666666e11 0.0e0 0.0e0 -20000.0e0 2.0e10 pluto.gif
-2.4166666666666666e11 0.0e0 0.0e0 20000.0e0 2.0e10 pluto.gif
0.0e0 2.4166666666666666e11 20000.0e0 0.0e0 2.0e10 pluto.gif
0.0e0 -2.4166666666666666e11 -20000.0e0 0.0e0 2.0e10 pluto.gif
2.4333333333333334e11 0.0e0 0.0e0 -20000.0e0 2.0e10 pluto.gif
-2.4333333333333334e11 0.0e0 0.0e0 20000.0e0 2.0e10 pluto.gif
0.0e0 2.4333333333333334e11 20000.0e0 0.0e0 2.0e10 pluto.gif
0.0e0 -2.4333333333333334e11 -20000.0e0 0.0e0 2.0e10 pluto.gif
2.45e11 0.0e0 0.0e0 -20000.0e0 2.0e10 pluto.gif
-2.45e11 0.0e0 0.0e0 20000.0e0 2.0e10 pluto.gif
0.0e0 2.45e11 20000.0e0 0.0e0 2.0e10 pluto.gif
0.0e0 -2.45e11 -20000.0e0 0.0e0 2.0e10 pluto.gif
2.466666666666667e11 0.0e0 0.0e0 -20000.0e0 2.0e10 pluto.gif
-2.466666666666667e11 0.0e0 0.0e0 20000.0e0 2.0e10 pluto.gif
0.0e0 2.466666666666667e11 20000.0e0 0.0e0 2.0e10 pluto.gif
0.0e0 -2.466666666666667e11 -20000.0e0 0.0e0 2.0e10 pluto.gif
2.483333333333333e11 0.0e0 0.0e0 -20000.0e0 2.0e10 pluto.gif
-2.483333333333333e11 0.0e0 0.0e0 20000.0e0 2.0e10 pluto.gif
0.0e0 2.483333333333333e11 20000.0e0 0.0e0 2.0e10 pluto.gif
0.0e0 -2.483333333333333e11 -20000.0e0 0.0e0 2.0e10 pluto.gif
2.5e11 0.0e0 0.0e0 -20000.0e0 2.0e10 pluto.gif
-2.5e11 0.0e0 0.0e0 20000.0e0 2.0e10 pluto.gif
0.0e0 2.5e11 20000.0e0 0.0e0 2.0e10 pluto.gif
0.0e0 -2.5e11 -20000.0e0 0.0e0 2.0e10 pluto.gif