0.000e00 0.000e00 0.000e00 0.000e00 1.9890e30 sun.gif
8.500e11 4.000e11 -0.900e04 -0.500e04 1.9990e30 blackhole.gif
5.790e10 0.000e00 0.000e00 4.790e04 3.3020e23 mercury.gif
1.082e11 0.000e00 0.000e00 3.500e04 4.8690e24 venus.gif
1.496e11 0.000e00 0.000e00 2.980e04 5.9740e24 earth.gif
2.279e11 0.000e00 0.000e00 2.410e04 6.4190e23 mars.gif
7.783e11 0.000e00 0.000e00 1.307e04 1.8986e27 jupiter.gif
-2.58e11 -2.33e11 1.31e04 -1.45e04 7.000e12 asteroid.gif
3.38e11 7.31e10 -4.12e03 1.90e04 8.390e12 asteroid.gif
-3.19e11 1.39e11 -7.80e03 -1.79e04 7.430e12 asteroid.gif
1.87e11 2.93e11 -1.64e04 1.05e04 3.310e12 asteroid.gif
-7.13e10 -3.40e11 1.91e04 -4.00e03 9.970e12 asteroid.gif
3.33e11 7.59e10 -4.33e03 1.90e04 1.690e12 asteroid.gif
-1.63e11 -3.03e11 1.72e04 -9.22e03 1.100e12 asteroid.gif
-7.32e09 3.47e11 -1.95e04 -4.12e02 6.350e12 asteroid.gif
-9.53e10 -3.31e11 1.87e04 -5.39e03 5.240e12 asteroid.gif
-3.48e11 -3.91e10 2.18e03 -1.94e04 3.600e12 asteroid.gif
-6.54e09 -3.45e11 1.95e04 -3.70e02 7.430e11 asteroid.gif
-1.41e11 3.14e11 -1.78e04 -7.99e03 2.570e12 asteroid.gif
1.50e11 -3.15e11 1.76e04 8.37e03 3.890e12 asteroid.gif
2.95e11 -1.82e11 1.02e04 1.66e04 1.850e12 asteroid.gif
-1.44e11 -3.17e11 1.78e04 -8.05e03 7.340e12 asteroid.gif
-2.18e10 3.43e11 -1.95e04 -1.24e03 7.160e11 asteroid.gif
-3.31e11 1.05e11 -5.89e03 -1.86e04 1.840e12 asteroid.gif
-4.34e09 -3.49e11 1.95e04 -2.42e02 6.290e12 asteroid.gif
8.70e10 3.36e11 -1.89e04 4.89e03 5.840e12 asteroid.gif
-2.50e11 2.40e11 -1.35e04 -1.41e04 3.310e12 asteroid.gif
1.91e11 -2.86e11 1.62e04 1.08e04 4.820e12 asteroid.gif
2.53e11 -2.34e11 1.32e04 1.43e04 7.250e12 asteroid.gif
5.00e10 3.40e11 -1.93e04 2.83e03 5.270e12 asteroid.gif
1.52e11 3.14e11 -1.75e04 8.50e03 5.630e12 asteroid.gif
-1.63e11 -3.05e11 1.72e04 -9.18e03 9.660e12 asteroid.gif
-3.17e11 -1.48e11 8.25e03 -1.77e04 3.290e12 asteroid.gif
3.63e10 3.47e11 -1.94e04 2.03e03 4.840e12 asteroid.gif
2.97e11 -1.81e11 1.02e04 1.66e04 8.290e12 asteroid.gif
-3.47e11 -7.09e09 3.98e02 -1.95e04 5.240e12 asteroid.gif
3.13e11 1.56e11 -8.69e03 1.74e04 2.380e12 asteroid.gif
-3.26e11 1.09e11 -6.19e03 -1.85e04 4.420e11 asteroid.gif
2.52e11 -2.32e11 1.32e04 1.43e04 3.890e11 asteroid.gif
4.07e10 3.44e11 -1.94e04 2.29e03 9.980e12 asteroid.gif
3.60e10 3.47e11 -1.94e04 2.01e03 9.950e12 asteroid.gif
2.61e11 -2.32e11 1.29e04 1.46e04 2.470e12 asteroid.gif
-3.44e11 1.07e10 -6.04e02 -1.95e04 8.260e12 asteroid.gif
3.06e11 -1.64e11 9.22e03 1.72e04 3.530e12 asteroid.gif
1.91e11 -2.90e11 1.63e04 1.07e04 7.440e12 asteroid.gif
3.04e11 1.60e11 -9.08e03 1.72e04 4.640e12 asteroid.gif
2.15e11 2.71e11 -1.53e04 1.21e04 9.480e12 asteroid.gif
3.41e10 3.43e11 -1.94e04 1.92e03 7.660e11 asteroid.gif
-2.84e11 -2.02e11 1.13e04 -1.59e04 5.630e12 asteroid.gif
-3.22e11 1.26e11 -7.08e03 -1.82e04 6.760e12 asteroid.gif
3.39e11 8.17e10 -4.56e03 1.89e04 1.760e12 asteroid.gif
-1.97e11 -2.82e11 1.60e04 -1.12e04 4.020e12 asteroid.gif